0.13
0.16
0.23
0.26
0.27
0.28
0.28
0.29
0.29
0.28
0.28
0.28
0.28
0.29
0.29
0.29
0.27
0.26
0.26
0.27
0.27
0.27
0.25
0.25
0.26
0.25
0.22
0.27
0.13
0.11
0.12
0.09
0.08
0.44
0.11
0.1
0.09
0.08
0.08
0.09
0.12
0.12
0.15
0.16
0.16
0.21
0.24
0.26
0.27
0.29
0.29
0.3
0.29
0.3
0.3
0.31
0.31
0.31
0.3
0.29
0.3
0.27
0.28
0.29
0.27
0.29
0.26
0.23
0.21
0.18
0.16
0.14
0.14
0.12
0.12
0.11
0.1
0.13
0.18
0.21
0.25
0.26
0.25
0.29
0.32
0.33
0.29
0.39
0.31
0.31
0.32
0.3
0.3
0.31
0.31
0.3
0.29
0.29
0.28
0.29
0.29
0.28
0.29
0.27
0.27
0.24
0.23
0.2
0.18
0.15
0.16
0.14
0.15
0.15
0.16
0.16
0.18
0.19
0.22
0.24
0.26
0.26
0.27
0.27
0.28
0.29
0.28
0.29
0.28
0.28
0.3
0.27
0.28
0.28
0.3
0.29
0.27
0.26
0.25
0.26
0.27
0.25
0.23
0.19
0.17
0.18
0.16
0.26
0.16
0.14
0.16
0.16
0.17
0.18
0.19
0.21
0.23
0.22
0.22
0.24
0.24
0.24
0.26
0.25
0.25
0.26
0.24
0.26
0.26
0.26
0.27
0.27
0.26
0.27
0.26
0.26
0.26
0.26
0.27
0.27
0.27
0.24
0.22
0.24
0.23
0.21
0.2
0.2
0.21
0.18
0.19
0.18
0.18
0.2
0.21
0.2
0.18
0.18
0.18
0.18
0.2
0.18
0.19
0.19
0.19
0.2
0.18
0.19
0.27
0.19
0.21
0.2
0.2
0.2
0.2
0.2
0.18
0.19
0.19
0.19
0.2
0.19
0.19
0.18
0.19
0.21
0.18
0.17
0.17
0.15
0.18
0.16
0.16
0.14
0.14
0.14
0.13
0.13
0.13
0.12
0.15
0.14
0.13
0.12
0.15
0.16
0.14
0.15
0.15
0.16
0.18
0.18
0.2
0.2
0.21
0.22
0.23
0.26
0.23
0.24
0.26
0.27
0.3
0.27
0.27
0.26
0.25
0.27
0.39
0.29
0.29
0.27
0.25
0.26
0.26
0.17
0.12
0.09
0.08
0.08
0.08
0.07
0.06
0.07
0.07
0.08
0.07
0.06
0.06
0.07
0.1
0.12
0.13
0.13
0.15
0.21
0.31
0.33
0.34
0.34
0.36
0.36
0.37
0.36
0.35
0.37
0.37
0.36
0.34
0.32
0.35
0.35
0.35
0.34
0.35
0.34
0.31
0.27
0.22
0.18
0.19
0.17
0.15
0.14
0.15
0.15
0.14
0.13
0.26
0.21
0.22
0.2
0.24
0.3
0.31
0.36
0.34
0.35
0.36
0.37
0.38
0.37
0.38
0.36
0.36
0.35
0.35
0.36
0.34
0.33
0.33
0.31
0.32
0.29
0.25
0.22
0.21
0.2
0.17
0.16
0.18
0.2
0.21
0.23
0.23
0.25
0.27
0.29
0.31
0.34
0.37
0.35
0.36
0.35
0.39
0.38
0.37
0.35
0.36
0.36
0.36
0.36
0.36
0.34
0.34
0.34
0.3
0.28
0.36
0.22
0.2
0.16
0.16
0.16
0.17
0.17
0.17
0.18
0.18
0.21
0.22
0.22
0.24
0.25
0.25
0.27
0.27
0.28
0.27
0.29
0.27
0.27
0.27
0.28
0.27
0.27
0.26
0.25
0.24
0.24
0.25
0.25
0.23
0.22
0.2
0.17
0.2
0.19
0.16
0.15
0.16
0.15
0.14
0.15
0.16
0.16
0.17
0.18
0.18
0.19
0.21
0.19
0.21
0.22
0.23
0.23
0.22
0.23
0.31
0.27
0.26
0.27
0.26
0.27
0.28
0.27
0.25
0.26
0.27
0.26
0.27
0.26
0.26
0.26
0.25
0.26
0.26
0.25
0.24
0.23
0.25
0.23
0.23
0.22
0.22
0.21
0.2
0.21
0.2
0.18
0.2
0.19
0.2
0.19
0.18
0.19
0.19
0.18
0.2
0.21
0.2
0.19
0.21
0.21
0.22
0.22
0.21
0.22
0.22
0.22
0.22
0.21
0.22
0.23
0.24
0.23
0.24
0.24
0.24
0.35
0.24
0.23
0.23
0.24
0.23
0.23
0.23
0.24
0.23
0.23
0.24
0.23
0.24
0.24
0.22
0.23
0.22
0.23
0.23
0.22
0.22
0.22
0.21
0.2
0.2
0.2
0.18
0.18
0.17
0.16
0.17
0.16
0.15
0.15
0.14
0.14
0.17
0.17
0.17
0.18
0.18
0.16
0.17
0.17
0.18
0.17
0.16
0.18
0.18
0.18
0.18
0.17
0.18
0.17
0.18
0.18
0.17
0.18
0.19
0.28
0.18
0.17
0.17
0.17
0.17
0.19
0.18
0.18
0.18
0.17
0.2
0.18
0.23
0.24
0.22
0.23
0.23
0.24
0.23
0.24
0.23
0.23
0.23
0.23
0.24
0.23
0.23
0.24
0.24
0.23
0.24
0.21
0.21
0.21
0.21
0.21
0.19
0.2
0.2
0.21
0.2
0.2
0.21
0.19
0.21
0.21
0.19
0.19
0.2
0.19
0.21
0.2
0.22
0.2
0.2
0.2
0.2
0.22
0.21
0.32
0.22
0.2
0.21
0.22
0.24
0.23
0.23
0.24
0.25
0.24
0.25
0.22
0.23
0.22
0.22
0.22
0.22
0.22
0.22
0.23
0.23
0.23
0.22
0.22
0.21
0.21
0.2
0.21
0.2
0.2
0.21
0.2
0.19
0.2
0.19
0.19
0.17
0.18
0.17
0.18
0.17
0.17
0.16
0.17
0.15
0.16
0.14
0.15
0.15
0.16
0.16
0.16
0.15
0.15
0.14
0.15
0.14
0.15
0.14
0.25
0.17
0.16
0.16
0.17
0.15
0.16
0.17
0.18
0.18
0.19
0.21
0.2
0.2
0.2
0.21
0.21
0.21
0.2
0.2
0.21
0.23
0.22
0.22
0.22
0.21
0.24
0.22
0.22
0.22
0.22
0.24
0.22
0.23
0.23
0.22
0.24
0.23
0.22
0.22
0.23
0.24
0.24
0.23
0.22
0.23
0.24
0.22
0.22
0.22
0.23
0.23
0.21
0.22
0.22
0.22
0.22
0.21
0.22
0.19
0.21
0.3
0.19
0.2
0.18
0.2
0.2
0.2
0.21
0.2
0.21
0.22
0.21
0.2
0.2
0.2
0.21
0.2
0.2
0.21
0.23
0.23
0.21
0.22
0.2
0.21
0.2
0.2
0.19
0.19
0.19
0.2
0.18
0.17
0.16
0.18
0.18
0.18
0.18
0.19
0.2
0.21
0.2
0.22
0.21
0.23
0.24
0.23
0.25
0.23
0.23
0.26
0.25
0.27
0.26
0.27
0.25
0.24
0.22
0.23
0.25
0.36
0.23
0.23
0.21
0.21
0.21
0.22
0.24
0.24
0.18
0.16
0.12
0.11
0.1
0.1
0.1
0.09
0.1
0.1
0.1
0.11
0.1
0.1
0.1
0.1
0.11
0.1
0.1
0.1
0.1
0.12
0.12
0.11
0.12
0.12
0.14
0.13
0.15
0.14
0.16
0.23
0.25
0.26
0.25
0.26
0.27
0.26
0.26
0.26
0.25
0.26
0.25
0.25
0.26
0.26
0.27
0.26
0.26
0.26
0.25
0.36
0.24
0.24
0.25
0.23
0.25
0.24
0.24
0.23
0.25
0.25
0.25
0.24
0.21
0.18
0.18
0.15
0.14
0.14
0.13
0.14
0.12
0.12
0.12
0.12
0.12
0.12
0.11
0.11
0.11
0.12
0.12
0.12
0.12
0.12
0.14
0.12
0.12
0.15
0.18
0.2
0.18
0.19
0.21
0.21
0.2
0.21
0.2
0.2
0.21
0.22
0.2
0.22
0.21
0.2
0.2
0.2
0.19
0.21
0.2
0.31
0.2
0.2
0.19
0.19
0.19
0.19
0.19
0.2
0.19
0.21
0.19
0.19
0.19
0.19
0.19
0.18
0.18
0.17
0.16
0.16
0.15
0.14
0.12
0.1
0.11
0.09
0.09
0.08
0.08
0.11
0.09
0.09
0.09
0.09
0.1
0.08
0.09
0.09
0.1
0.1
0.1
0.1
0.12
0.14
0.15
0.15
0.15
0.15
0.17
0.17
0.16
0.17
0.17
0.18
0.19
0.19
0.19
0.18
0.19
0.26
0.21
0.18
0.19
0.19
0.19
0.18
0.19
0.19
0.2
0.2
0.2
0.2
0.19
0.19
0.2
0.19
0.19
0.19
0.21
0.22
0.19
0.2
0.2
0.21
0.2
0.19
0.19
0.19
0.18
0.19
0.18
0.17
0.18
0.17
0.16
0.15
0.15
0.13
0.13
0.13
0.12
0.12
0.12
0.11
0.14
0.12
0.12
0.12
0.12
0.12
0.12
0.11
0.11
0.12
0.13
0.14
0.15
0.14
0.14
0.15
0.23
0.16
0.15
0.15
0.17
0.15
0.16
0.16
0.16
0.17
0.16
0.16
0.16
0.16
0.16
0.16
0.17
0.16
0.17
0.17
0.16
0.17
0.17
0.15
0.17
0.15
0.16
0.15
0.16
0.16
0.16
0.16
0.16
0.15
0.16
0.15
0.15
0.14
0.15
0.16
0.14
0.15
0.14
0.15
0.14
0.14
0.14
0.14
0.15
0.14
0.13
0.14
0.14
0.13
0.14
0.13
0.13
0.12
0.12
0.13
0.21
0.12
0.11
0.11
0.11
0.11
0.11
0.1
0.09
0.11
0.09
0.09
0.09
0.08
0.09
0.08
0.08
0.08
0.08
0.09
0.08
0.08
0.07
0.08
0.09
0.08
0.08
0.08
0.08
0.09
0.08
0.08
0.07
0.08
0.08
0.08
0.09
0.09
0.09
0.1
0.09
0.1
0.1
0.1
0.11
0.09
0.1
0.1
0.1
0.11
0.1
0.1
0.1
0.11
0.11
0.11
0.11
0.1
0.11
0.12
0.2
0.11
0.11
0.12
0.12
0.11
0.11
0.12
0.12
0.13
0.12
0.13
0.13
0.13
0.13
0.13
0.13
0.12
0.12
0.13
0.13
0.14
0.12
0.13
0.14
0.13
0.12
0.12